x = [-1; 0; 1; 2; 3.5; 0]
y = [4; 5; -2; 3; -1; 0]

x = rand(1, 4)'*100;
y = rand(1, 4)'*100;