x = [-1; 0; 1; 2]
y = [4; 5; -2; 3]