x = [-1; 0; 1; 2]
y = [4; 5; -2; 3]

x = rand(1, 4)'*100;
y = rand(1, 4)'*100;